Timing breakdowns:
Matrix multiplication times:
   N      TIME (secs)
	P	comp	comm
 -----   -------------
	1	0.042618	0.068379
	0	0.018697	0.066382
	2	0.057663	0.064899
	3	0.065270	0.065465
   1000       0.1085
	1	0.332308	0.473400
	0	0.134410	0.552194
	2	0.446598	0.438710
	3	0.538392	0.401806
   2000       0.8551
	1	4.644066	4.962920
	0	1.377485	7.713479
	2	5.994055	4.799125
	3	7.343269	4.355415
   4000      11.3606
	0	15.104786	60.504630
	1	39.931560	40.077622
	2	50.528894	38.874203
	3	60.744054	34.856880
   8000      94.2921
