Timing breakdowns:
Matrix multiplication times:
   N      TIME (secs)
	P	comp	comm
 -----   -------------
	1	0.013086	0.059824
	0	0.005314	0.043004
	2	0.019266	0.059684
	3	0.024039	0.056091
	4	0.028088	0.057301
	6	0.032529	0.052545
	7	0.033564	0.052754
	5	0.030828	0.055964
   1000       0.0644
	0	0.039042	0.330040
	1	0.095409	0.386409
	2	0.144903	0.368015
	3	0.182240	0.337582
	6	0.256433	0.297276
	4	0.220366	0.338005
	7	0.263380	0.298586
	5	0.239342	0.327121
   2000       0.4774
	1	1.033999	4.681869
	0	0.346247	4.880671
	2	1.987342	4.107405
	3	2.783843	3.623342
	6	3.803745	3.105917
	4	3.175536	3.748140
	5	3.641089	3.442779
	7	3.971140	3.183416
   4000       6.8054
	0	4.781070	41.974535
	1	13.525792	36.502015
	2	20.028059	36.510479
	3	25.896456	32.200436
	6	34.141550	25.308759
	4	28.774148	32.520766
	7	35.713457	25.958388
	5	32.675181	29.761891
   8000      60.9901
