Timing breakdowns:
Matrix multiplication times:
   N      TIME (secs)
	P	comp	comm
 -----   -------------
	0	0.005227	0.044310
	1	0.012893	0.066715
	2	0.018960	0.066686
	3	0.023922	0.062747
	6	0.032470	0.059273
	7	0.033374	0.048738
	5	0.030524	0.062919
   1000       0.0820
	4	0.039653	0.057189
	1	0.095330	0.406907
	0	0.038767	0.343629
	2	0.142821	0.391359
	3	0.181735	0.359344
	4	0.236394	0.345916
	6	0.291320	0.297665
	5	0.261811	0.335363
	7	0.305099	0.296244
   2000       0.5152
	2	1.298715	4.588681
	1	0.806351	5.172548
	0	0.289450	5.164767
	3	1.826328	4.152454
	6	4.433465	3.235304
	4	3.757704	3.971391
	7	4.533854	3.284354
	5	3.988904	3.861909
   4000       7.5068
	1	10.958040	42.070245
	0	3.450302	46.052378
	2	16.592423	38.834247
	3	21.771309	34.577523
	6	38.565439	26.539978
	4	32.766909	33.126631
	7	39.592299	26.656789
	5	34.973716	31.745196
   8000      65.3655
