Timing breakdowns:
Matrix multiplication times:
   N      TIME (secs)
	P	comp	comm
 -----   -------------
	4	0.021838	0.032837
	2	0.025683	0.031435
	3	0.023856	0.033461
	5	0.020581	0.036893
	1	0.028739	0.030581
	6	0.019049	0.041802
	7	0.016948	0.045801
	0	0.034137	0.004723
   1000       0.0427
	5	0.188004	0.182039
	4	0.185368	0.187816
	6	0.171686	0.217759
	2	0.207430	0.183064
	3	0.204143	0.190195
	7	0.165775	0.240419
	1	0.227633	0.180041
	0	0.261841	0.077397
   2000       0.3541
	5	3.233628	1.464463
	4	3.256987	1.553507
	2	3.528221	1.414669
	6	2.818302	2.190751
	3	3.594579	1.428564
	1	4.025914	1.167506
	0	3.321598	1.708672
	7	2.838040	2.605099
   4000       5.1044
	4	30.952891	9.451508
	2	34.504438	8.072795
	5	27.337253	15.546039
	6	26.734458	16.552978
	3	30.126725	13.186198
	1	33.841555	10.974373
	7	22.360348	23.859782
	0	40.111553	6.263535
   8000      46.6615
