Timing breakdowns:
Matrix multiplication times:
   N      TIME (secs)
	P	comp	comm
 -----   -------------
	0	0.018625	0.050342
	2	0.057820	0.044020
	1	0.042809	0.064279
	3	0.065263	0.044650
   1000       0.0874
	0	0.135278	0.468687
	2	0.456054	0.305742
	1	0.340161	0.459279
	3	0.574894	0.251239
   2000       0.7402
	0	1.770869	6.567995
	2	6.255781	3.250503
	1	5.113663	4.676616
	3	7.706236	2.657222
   4000      10.0242
	0	16.965478	49.773748
	2	53.159793	21.995594
	1	43.717723	35.802346
	3	64.360450	17.744978
   8000      80.7618
