Timing breakdowns:
Matrix multiplication times:
   N      TIME (secs)
	P	comp	comm
 -----   -------------
	1	0.012982	0.049786
	0	0.005275	0.031012
	2	0.019190	0.044700
	3	0.024133	0.040587
	4	0.028156	0.037581
	5	0.031100	0.035746
	6	0.032993	0.035818
	7	0.034247	0.035594
   1000       0.0468
	1	0.096705	0.352144
	0	0.039755	0.309370
	2	0.142729	0.314411
	3	0.182133	0.284961
	4	0.269563	0.212751
	5	0.312588	0.190335
	6	0.341751	0.181463
	7	0.355236	0.177300
   2000       0.4434
	0	0.312976	4.323634
	1	0.809171	4.236209
	2	1.292019	3.962734
	3	1.793271	4.021901
	4	4.870069	1.656139
	5	5.063638	1.770903
	6	5.456828	1.609889
	7	5.554334	1.633550
   4000       6.8418
	1	11.712674	31.234086
	0	4.483374	36.904603
	2	16.994531	27.171114
	3	21.824616	26.081144
	4	40.431881	12.248921
	5	42.999453	11.857138
	6	45.886201	10.893088
	7	47.135956	10.540032
   8000      56.2919
