Timing breakdowns:
Matrix multiplication times:
   N      TIME (secs)
	P	comp	comm
 -----   -------------
	1	0.013491	0.050518
	0	0.005338	0.032312
	2	0.019585	0.045324
	3	0.024650	0.041130
	4	0.028340	0.038162
	5	0.031794	0.036120
	6	0.032734	0.036542
	7	0.034044	0.036219
   1000       0.0472
	0	0.040495	0.274604
	2	0.147853	0.273840
	1	0.103545	0.324003
	3	0.199069	0.231482
	4	0.220428	0.215198
	5	0.267160	0.180703
	6	0.262218	0.201776
	7	0.292844	0.180997
   2000       0.3848
	0	0.452085	4.743017
	2	2.380405	3.327674
	1	1.649305	4.122600
	3	3.693898	2.245666
	4	3.438418	2.512935
	6	3.904196	2.107309
	5	4.648264	1.545695
	7	4.621171	1.700032
   4000       5.9736
	0	6.214370	39.538066
	2	23.905756	24.751780
	1	17.338651	32.192972
	4	32.430901	17.406580
	3	32.172593	17.894723
	6	37.548697	13.523830
	5	39.917734	11.715399
	7	41.674371	11.402880
   8000      51.6828
