Timing breakdowns:
Matrix multiplication times:
   N      TIME (secs)
	P	comp	comm
 -----   -------------
	0	0.005230	0.042208
	1	0.012944	0.061288
	2	0.019010	0.058899
	3	0.024033	0.051812
	4	0.027584	0.057724
	6	0.032223	0.051120
	7	0.033364	0.052474
	5	0.030457	0.055891
   1000       0.0633
	0	0.038903	0.340704
	1	0.095616	0.394441
	2	0.142627	0.377087
	3	0.181818	0.344353
	4	0.227570	0.349286
	6	0.286907	0.299806
	5	0.258169	0.333632
	7	0.306305	0.293752
   2000       0.5139
	2	1.308911	4.573943
	1	0.805549	5.160581
	0	0.288066	5.151862
	3	1.808677	4.158133
	6	4.373070	3.275439
	4	3.767101	3.958941
	7	4.552529	3.266406
	5	3.987399	3.866188
   4000       7.5050
	1	10.711430	42.268673
	0	3.458940	45.987831
	2	16.834656	38.555629
	3	21.760539	34.534357
	6	38.016552	26.928033
	4	32.755618	33.070086
	7	39.720923	26.448746
	5	35.314207	31.385269
   8000      65.3442
