Timing breakdowns:
Matrix multiplication times:
   N      TIME (secs)
	P	comp	comm
 -----   -------------
	2	0.040782	0.035195
	1	0.047773	0.034167
	3	0.035906	0.053978
	0	0.061267	0.010020
   1000       0.0748
	2	0.361091	0.220964
	1	0.438759	0.232898
	3	0.371579	0.308350
	0	0.464211	0.214211
   2000       0.6944
	2	4.886005	1.750252
	1	5.567427	1.517276
	3	4.359419	3.367265
	0	6.059855	2.012167
   4000       8.1398
	2	42.367796	9.009622
	1	45.529218	9.653880
	3	35.687983	26.175331
	0	55.906925	8.759978
   8000      64.9332
