Timing breakdowns:
Matrix multiplication times:
   N      TIME (secs)
	P	comp	comm
 -----   -------------
	1	0.012973	0.050075
	0	0.005267	0.031007
	2	0.019026	0.044967
	3	0.024100	0.040991
	4	0.028215	0.037861
	5	0.031120	0.036024
	6	0.032893	0.036170
	7	0.034181	0.035903
   1000       0.0471
	0	0.040108	0.309806
	1	0.096499	0.353370
	2	0.143173	0.315163
	3	0.182219	0.286610
	4	0.272996	0.209357
	5	0.312390	0.189800
	6	0.341437	0.181736
	7	0.356048	0.177248
   2000       0.4442
	0	0.314853	4.283806
	1	0.795789	4.210037
	2	1.285131	3.918903
	3	1.786315	3.979797
	4	4.727850	1.716233
	5	5.037708	1.750756
	6	5.423182	1.623280
	7	5.509553	1.637508
   4000       6.7988
	1	12.171713	30.887961
	0	4.621856	36.880532
	2	17.589801	26.507991
	3	21.450113	26.492098
	4	39.624192	12.972102
	5	42.740375	12.047888
	6	46.062147	10.832558
	7	46.874699	10.887889
   8000      56.3732
